01日：31411 32242 41414 21441 11322 24223
02日：24412 13111 24423 24422 24444 43131
03日：32241 33442 42441 31441 23114 21414
04日：14333 44313 32222 33414 13224 21111
05日：31112 24312 24124 44422 14442 42112
06日：14434 31231 32132 23132 14321 12213
07日：22144 22412 34444 22141 33322 14224
08日：12443 22143 33424 42441 14414 22133
09日：24331 41221 33334 14321 44344 22133
10日：42134 14124 34112 14111 13432 41111
11日：42324 14112 32432 32422 23221 24431
12日：13144 43124 34211 11122 24313 24221
13日：11231 32323 12343 31321 14434 21123
14日：11422 34111 11423 11112 14212 44431
15日：21243 33434 22314 21413 11421 12413
16日：42142 21443 42412 24132 14423 11231
17日：24412 43122 41111 44413 23443 22244
18日：44233 11222 32221 14444 13241 24321
19日：41314 33431 31322 21442 21121 32211
20日：41421 41344 24444 24314 21312 12244
21日：12113 41112 21422 23422 13231 22133
22日：12212 24221 14224 41442 14214 24442
23日：11111 24322 12411 44214 12222 31242
24日：24234 41221 11122 14422 22142 31223
25日：13132 11443 23213 41211 11114 23242
26日：21411 11141 33411 13342 21132 32114
27日：11313 32124 23312 12141 13241 13342
28日：44223 14114 44121 44414 34444 24443
29日：23114 42312 11442 31442 34214 22442
30日：13322 41311 41124 11144 13413 24411
31日：11233 22312 41432 31421 12442 14114