01日：14214 23112 14234 14324 14311 34242
02日：24214 23111 14234 14324 14313 34242
03日：14214 23111 14234 14324 14313 14241
04日：14212 11111 14234 14324 14313 14241
05日：14142 11411 14234 14324 14313 14241
06日：14142 11411 14234 14324 14313 14211
07日：14142 11411 14234 14324 14313 14121
08日：14142 11411 14234 14324 14113 14421
09日：32142 11411 14234 14324 14123 12423
10日：32142 32411 14234 14334 14123 12424
11日：32142 32413 14234 14334 43123 12424
12日：32142 32423 14234 14234 43123 12423
13日：32142 32423 14234 13234 43123 12422
14日：32142 32423 14234 13234 43123 12422
15日：32142 32423 14234 43234 43123 42422
16日：32142 32423 14234 43234 43123 42424
17日：42142 32423 14234 43234 43123 42422
18日：42142 32423 14231 43234 43123 42423
19日：42142 32423 11231 43231 43123 42422
20日：42142 32423 11341 43231 43123 42422
21日：42142 32423 11341 43231 43123 42424
22日：42142 32423 41341 43231 43123 42424
23日：42142 32423 41341 43231 43123 42421
24日：42142 32423 41341 43231 43123 42424
25日：42142 32423 42341 43241 43123 42422
26日：42142 32423 42341 43241 43123 42423
27日：42142 32423 42341 43241 43123 42424
28日：42142 32423 42341 43241 43123 42421
29日：42142 32423 42341 43241 43123 42423
30日：42142 32123 42341 43241 43123 42423
31日：42142 32123 42341 43241 43123 42422