燕麟 4 -341,-248|-355,-240|-369,-240|-380,-248
仙工 4 -208,243|-208,243
鬼医 5 -376,342|-381,337
名医 5 65,-177|65,-177
许卿阳 5 83,-181|78,-190|68,-191|63,-183|67,-174|80,-174|70,-191
梁人弘 5 83,-182|78,-190|68,-191|63,-183|67,-174|77,-174|79,-171|65,-170|60,-160
护教法王 6 197,117|167,117|162,117|163,109|168,109
雷木龙 6 126,63|126,63
贝天佐 6 126,155|126,155
云纤蕊 7 -251,195|-256,193
曹江宁 7 -210,249|-210,249
米亚 8 33,5|33,5
姜无恤 10 -244,372|-244,372
仙工 10 -259,372|-259,372
萧乘云 10 378,-11|383,-6
龙御风 10 378,-11|383,-15
甄雨轩 10 444,-11|448,-6
陆威霆 10 444,-11|448,-16
鬼刹罗 11 -16,-185|-16,-185
