名医 1 169 66
仓库老板 1 210 72
信使 1 210 50
飞天仙子 1 195 104
宠物使者 1 212 44
钱庄掌柜 1 200 59
周一仙 1 161 144
任务管理员 1 202 178
炼器师 1 210 57
仙工 1 186 67
诛仙战神 1 191 139
多宝天君 1 188 138
沈墨儒 1 136 84
传功使者 1 214 161
云游四海的渔夫 1 122 145
小环 1 154 145
摇钱树 1 141 113
黑市商人 1 164 127
三界商行 1 166 123
帮会管理员 1 209 170

仙工 4 -208 243

名医 60 169 66
炼器师 60 178 125
仙工 60 185 124
飞天仙子 60 195 104

名医 88 169 66
炼器师 88 211 57
仙工 88 185 124
飞天仙子 88 195 104

名医 99 169 66
炼器师 99 188 125
仙工 99 184 127
飞天仙子 99 195 104


名医 999 169 66
仓库老板 999 210 72
信使 999 210 50
飞天仙子 999 195 104
宠物使者 999 212 44
钱庄掌柜 999 200 59
周一仙 999 161 144
任务管理员 999 202 178
炼器师 999 210 57
仙工 999 186 67
诛仙战神 999 191 139
多宝天君 999 188 138
沈墨儒 999 136 84
传功使者 999 214 161
云游四海的渔夫 999 122 145
小环 999 154 145
摇钱树 999 141 113
黑市商人 999 164 127
三界商行 999 166 123



名医 401 385 294
仓库老板 401 406 292
信使 401 425 315
飞天仙子 401 429 417
宠物使者 401 424 318
周一仙 401 429 409
炼器师 401 428 263
仙工 401 386 281
诛仙战神 401 520 345
多宝天君 401 522 339
沈墨儒 401 389 353
传功使者 401 501 367
云游四海的渔夫 401 402 458
小环 401 429 409
摇钱树 401 380 458

