0 1 14 0 狗皮膏药 1861
0 15 29 1 粗制小黄丹 22
0 30 44 2 精制小黄丹 1862
0 45 59 3 秘制小黄丹 1863
0 60 74 4 特级小黄丹 1864
0 75 89 5 完美小黄丹 1865
0 90 104 6 粗制大黄丹 1866
0 105 119 7 精制大黄丹 1867
0 120 134 8 秘制大黄丹 1868
0 135 144 9 特级大黄丹 1869
0 145 150 10 完美大黄丹 1870

0 150 170 11 沁灵大黄丹 54888

1 1 14 12 大麦茶 1871
1 15 29 13 粗制还神散 1872
1 30 44 14 精制还神散 1873
1 45 59 15 秘制还神散 1874
1 60 74 16 特级还神散 1875
1 75 89 17 完美还神散 1876
1 90 104 18 粗制归神散 1877
1 105 119 19 精制归神散 1878
1 120 134 20 秘制归神散 1879
1 135 144 21 特级归神散 1880
1 145 150 22 完美归神散 1881

1 150 170 23 沁灵归神散 54889

